---- DATA1 ----

minizinc exec time: 0.20634675025939941
Width: 9
Num of circuits: 5
Width of circuits: [3 2 2 3 4]
Height of circuits: [ 3  4  8  9 12]
lr: [[0 0 0 0 0]
 [0 0 0 1 0]
 [1 0 0 1 0]
 [0 0 0 0 0]
 [1 1 1 1 0]]
ud: [[0 0 0 0 0]
 [1 0 1 0 0]
 [0 0 0 0 0]
 [1 0 0 0 0]
 [0 0 0 0 0]]
px: [[0 0 0 0 0 0 0 1 1 1 1]
 [0 0 0 0 0 1 1 1 1 1 1]
 [0 0 0 0 0 1 1 1 1 1 1]
 [0 0 0 0 0 0 0 1 1 1 1]
 [0 1 1 1 1 1 1 1 1 1 1]]
py: [[0 0 0 0 0 0 0 0 0 0 1 1 1 1 1 1 1 1 1 1 1 1 1 1 1 1 1 1 1 1 1 1 1 1 1 1
  1]
 [0 1 1 1 1 1 1 1 1 1 1 1 1 1 1 1 1 1 1 1 1 1 1 1 1 1 1 1 1 1 1 1 1 1 1 1
  1]
 [0 0 0 0 0 1 1 1 1 1 1 1 1 1 1 1 1 1 1 1 1 1 1 1 1 1 1 1 1 1 1 1 1 1 1 1
  1]
 [0 1 1 1 1 1 1 1 1 1 1 1 1 1 1 1 1 1 1 1 1 1 1 1 1 1 1 1 1 1 1 1 1 1 1 1
  1]
 [0 1 1 1 1 1 1 1 1 1 1 1 1 1 1 1 1 1 1 1 1 1 1 1 1 1 1 1 1 1 1 1 1 1 1 1
  1]]
ph: [0, 1, 1, 1, 1, 1, 1, 1, 1, 1, 1, 1, 1, 1, 1, 1, 1, 1, 1, 1, 1, 1, 1, 1, 1]
Final height: 12
rotation: False


---- DATA2 ----

minizinc exec time: 0.19891667366027832
Width: 10
Num of circuits: 6
Width of circuits: [3 3 3 3 4 4]
Height of circuits: [3 4 6 7 4 6]
lr: [[0 0 0 0 0 0]
 [1 0 0 1 0 0]
 [0 0 0 1 0 0]
 [0 0 0 0 0 0]
 [1 1 1 1 0 0]
 [1 1 1 1 0 0]]
ud: [[0 0 0 0 0 0]
 [0 0 0 0 0 0]
 [1 1 0 0 0 0]
 [1 0 0 0 0 0]
 [0 0 0 0 0 0]
 [0 0 0 0 1 0]]
px: [[0 0 0 0 0 0 0 0 1 1 1 1]
 [0 0 0 0 0 1 1 1 1 1 1 1]
 [0 0 0 0 0 1 1 1 1 1 1 1]
 [0 0 0 0 0 0 0 0 1 1 1 1]
 [0 1 1 1 1 1 1 1 1 1 1 1]
 [0 1 1 1 1 1 1 1 1 1 1 1]]
py: [[0 0 0 0 0 0 0 0 1 1 1 1 1 1 1 1 1 1 1 1 1 1 1 1 1 1 1 1 1 1 1]
 [0 0 0 0 0 0 0 1 1 1 1 1 1 1 1 1 1 1 1 1 1 1 1 1 1 1 1 1 1 1 1]
 [0 1 1 1 1 1 1 1 1 1 1 1 1 1 1 1 1 1 1 1 1 1 1 1 1 1 1 1 1 1 1]
 [0 1 1 1 1 1 1 1 1 1 1 1 1 1 1 1 1 1 1 1 1 1 1 1 1 1 1 1 1 1 1]
 [0 0 0 0 0 0 0 1 1 1 1 1 1 1 1 1 1 1 1 1 1 1 1 1 1 1 1 1 1 1 1]
 [0 1 1 1 1 1 1 1 1 1 1 1 1 1 1 1 1 1 1 1 1 1 1 1 1 1 1 1 1 1 1]]
ph: [0, 0, 0, 0, 1, 1, 1, 1, 1, 1, 1, 1, 1, 1, 1, 1, 1, 1, 1, 1, 1, 1, 1, 1]
Final height: 10
rotation: False

---- DATA3 ----

---- DATA4 ----

minizinc exec time: 2.0855512619018555
Width: 15
Num of circuits: 10
Width of circuits: [3 3 3 3 3 3 3 3 3 6]
Height of circuits: [ 3  4  5  6  7  8  9 12 15  3]
lr: [[0 1 0 1 0 0 0 0 1 0]
 [0 0 0 0 0 0 0 0 1 0]
 [0 0 0 0 0 0 0 0 1 0]
 [0 0 0 0 0 0 0 0 1 0]
 [1 1 1 1 0 0 1 1 1 0]
 [1 0 1 1 0 0 1 1 1 1]
 [0 1 1 1 0 0 0 0 1 0]
 [1 1 1 1 0 0 1 0 1 0]
 [0 0 0 0 0 0 0 0 0 0]
 [0 1 1 1 0 0 0 0 1 0]]
ud: [[0 0 0 0 0 0 0 0 0 0]
 [0 0 0 0 0 0 0 0 0 0]
 [1 1 0 0 0 0 0 0 0 0]
 [0 1 1 0 0 0 0 0 0 0]
 [0 0 0 0 0 0 0 0 0 0]
 [0 1 0 0 1 0 0 0 0 0]
 [1 0 0 0 0 0 0 0 0 0]
 [0 0 0 0 0 0 0 0 0 0]
 [0 0 0 0 0 0 0 0 0 0]
 [1 0 0 0 1 0 1 1 0 0]]
px: [[0 0 0 0 0 0 0 1 1 1 1 1 1 1 1 1 1]
 [0 0 0 0 0 0 0 0 0 0 1 1 1 1 1 1 1]
 [0 0 0 0 0 0 0 0 0 0 1 1 1 1 1 1 1]
 [0 0 0 0 0 0 0 0 0 0 1 1 1 1 1 1 1]
 [0 1 1 1 1 1 1 1 1 1 1 1 1 1 1 1 1]
 [0 1 1 1 1 1 1 1 1 1 1 1 1 1 1 1 1]
 [0 0 0 0 0 0 0 1 1 1 1 1 1 1 1 1 1]
 [0 0 0 0 1 1 1 1 1 1 1 1 1 1 1 1 1]
 [0 0 0 0 0 0 0 0 0 0 0 0 0 1 1 1 1]
 [0 0 0 0 1 1 1 1 1 1 1 1 1 1 1 1 1]]
py: [[0 0 0 0 0 0 0 0 0 0 0 0 0 1 1 1 1 1 1 1 1 1 1 1 1 1 1 1 1 1 1 1 1 1 1 1
  1 1 1 1 1 1 1 1 1 1 1 1 1 1 1 1 1 1 1 1 1 1 1 1 1 1 1 1 1 1 1 1 1 1 1 1
  1]
 [0 0 0 0 0 0 0 0 0 0 0 0 1 1 1 1 1 1 1 1 1 1 1 1 1 1 1 1 1 1 1 1 1 1 1 1
  1 1 1 1 1 1 1 1 1 1 1 1 1 1 1 1 1 1 1 1 1 1 1 1 1 1 1 1 1 1 1 1 1 1 1 1
  1]
 [0 0 0 0 0 0 0 1 1 1 1 1 1 1 1 1 1 1 1 1 1 1 1 1 1 1 1 1 1 1 1 1 1 1 1 1
  1 1 1 1 1 1 1 1 1 1 1 1 1 1 1 1 1 1 1 1 1 1 1 1 1 1 1 1 1 1 1 1 1 1 1 1
  1]
 [0 1 1 1 1 1 1 1 1 1 1 1 1 1 1 1 1 1 1 1 1 1 1 1 1 1 1 1 1 1 1 1 1 1 1 1
  1 1 1 1 1 1 1 1 1 1 1 1 1 1 1 1 1 1 1 1 1 1 1 1 1 1 1 1 1 1 1 1 1 1 1 1
  1]
 [0 0 0 0 0 0 0 0 0 1 1 1 1 1 1 1 1 1 1 1 1 1 1 1 1 1 1 1 1 1 1 1 1 1 1 1
  1 1 1 1 1 1 1 1 1 1 1 1 1 1 1 1 1 1 1 1 1 1 1 1 1 1 1 1 1 1 1 1 1 1 1 1
  1]
 [0 1 1 1 1 1 1 1 1 1 1 1 1 1 1 1 1 1 1 1 1 1 1 1 1 1 1 1 1 1 1 1 1 1 1 1
  1 1 1 1 1 1 1 1 1 1 1 1 1 1 1 1 1 1 1 1 1 1 1 1 1 1 1 1 1 1 1 1 1 1 1 1
  1]
 [0 0 0 0 1 1 1 1 1 1 1 1 1 1 1 1 1 1 1 1 1 1 1 1 1 1 1 1 1 1 1 1 1 1 1 1
  1 1 1 1 1 1 1 1 1 1 1 1 1 1 1 1 1 1 1 1 1 1 1 1 1 1 1 1 1 1 1 1 1 1 1 1
  1]
 [0 0 0 0 1 1 1 1 1 1 1 1 1 1 1 1 1 1 1 1 1 1 1 1 1 1 1 1 1 1 1 1 1 1 1 1
  1 1 1 1 1 1 1 1 1 1 1 1 1 1 1 1 1 1 1 1 1 1 1 1 1 1 1 1 1 1 1 1 1 1 1 1
  1]
 [0 1 1 1 1 1 1 1 1 1 1 1 1 1 1 1 1 1 1 1 1 1 1 1 1 1 1 1 1 1 1 1 1 1 1 1
  1 1 1 1 1 1 1 1 1 1 1 1 1 1 1 1 1 1 1 1 1 1 1 1 1 1 1 1 1 1 1 1 1 1 1 1
  1]
 [0 1 1 1 1 1 1 1 1 1 1 1 1 1 1 1 1 1 1 1 1 1 1 1 1 1 1 1 1 1 1 1 1 1 1 1
  1 1 1 1 1 1 1 1 1 1 1 1 1 1 1 1 1 1 1 1 1 1 1 1 1 1 1 1 1 1 1 1 1 1 1 1
  1]]
ph: [0, 1, 1, 1, 1, 1, 1, 1, 1, 1, 1, 1, 1, 1, 1, 1, 1, 1, 1, 1, 1, 1, 1, 1, 1, 1, 1, 1, 1, 1, 1, 1, 1, 1, 1, 1, 1, 1, 1, 1, 1, 1, 1, 1, 1, 1, 1, 1, 1, 1, 1, 1, 1, 1, 1, 1, 1, 1]
Final height: 15
rotation: False

---- DATA5 ----

minizinc exec time: 0.8546004295349121
Width: 15
Num of circuits: 7
Width of circuits: [3 2 2 3 4 6 2]
Height of circuits: [ 3  4  8  9 12  9 12]
lr: [[0 0 0 0 0 0 0]
 [1 0 0 0 0 0 1]
 [1 1 0 1 1 0 1]
 [0 0 0 0 1 0 1]
 [0 0 0 0 0 0 1]
 [1 1 0 1 1 0 1]
 [0 0 0 0 0 0 0]]
ud: [[0 0 0 0 0 0 0]
 [0 0 0 0 0 0 0]
 [0 0 0 0 0 0 0]
 [1 1 0 0 0 0 0]
 [1 1 0 0 0 0 0]
 [0 0 1 0 0 0 0]
 [1 0 0 0 0 0 0]]
px: [[0 0 0 0 0 0 0 0 0 0 0 0 0 1 1 1 1]
 [0 0 0 0 0 0 0 0 0 0 0 1 1 1 1 1 1]
 [0 0 0 0 0 1 1 1 1 1 1 1 1 1 1 1 1]
 [0 0 0 0 0 0 0 1 1 1 1 1 1 1 1 1 1]
 [0 0 0 0 0 0 0 0 0 0 1 1 1 1 1 1 1]
 [0 1 1 1 1 1 1 1 1 1 1 1 1 1 1 1 1]
 [0 0 0 0 0 0 0 0 0 0 0 0 0 0 1 1 1]]
py: [[0 0 0 0 0 0 0 0 0 0 0 0 0 0 0 1 1 1 1 1 1 1 1 1 1 1 1 1 1 1 1 1 1 1 1 1
  1 1 1 1 1 1 1 1 1 1 1 1 1 1 1 1 1 1 1 1 1 1]
 [0 0 0 0 0 0 0 0 0 0 0 0 0 0 1 1 1 1 1 1 1 1 1 1 1 1 1 1 1 1 1 1 1 1 1 1
  1 1 1 1 1 1 1 1 1 1 1 1 1 1 1 1 1 1 1 1 1 1]
 [0 0 0 0 0 0 0 0 0 0 1 1 1 1 1 1 1 1 1 1 1 1 1 1 1 1 1 1 1 1 1 1 1 1 1 1
  1 1 1 1 1 1 1 1 1 1 1 1 1 1 1 1 1 1 1 1 1 1]
 [0 0 0 0 0 1 1 1 1 1 1 1 1 1 1 1 1 1 1 1 1 1 1 1 1 1 1 1 1 1 1 1 1 1 1 1
  1 1 1 1 1 1 1 1 1 1 1 1 1 1 1 1 1 1 1 1 1 1]
 [0 0 1 1 1 1 1 1 1 1 1 1 1 1 1 1 1 1 1 1 1 1 1 1 1 1 1 1 1 1 1 1 1 1 1 1
  1 1 1 1 1 1 1 1 1 1 1 1 1 1 1 1 1 1 1 1 1 1]
 [0 1 1 1 1 1 1 1 1 1 1 1 1 1 1 1 1 1 1 1 1 1 1 1 1 1 1 1 1 1 1 1 1 1 1 1
  1 1 1 1 1 1 1 1 1 1 1 1 1 1 1 1 1 1 1 1 1 1]
 [0 0 0 1 1 1 1 1 1 1 1 1 1 1 1 1 1 1 1 1 1 1 1 1 1 1 1 1 1 1 1 1 1 1 1 1
  1 1 1 1 1 1 1 1 1 1 1 1 1 1 1 1 1 1 1 1 1 1]]
ph: [0, 0, 0, 0, 0, 0, 1, 1, 1, 1, 1, 1, 1, 1, 1, 1, 1, 1, 1, 1, 1, 1, 1, 1, 1, 1, 1, 1, 1, 1, 1, 1, 1, 1, 1, 1, 1, 1, 1, 1, 1, 1, 1, 1, 1, 1]
Final height: 17
rotation: False

