--- solving time: 0.0018954277038574219 seconds ---
Width: 9
Num of circuits: 4
Size of circuits: [[3, 3], [3, 5], [5, 3], [5, 5]]
lr: [[0 1 1 0]
 [0 0 0 0]
 [0 0 0 0]
 [0 1 0 0]]
ud: [[0 0 0 1]
 [0 0 0 0]
 [0 1 0 1]
 [0 0 0 0]]
px: [[0 1 1 1 1 1 1 1 1 1]
 [0 0 0 0 0 0 1 1 1 1]
 [0 0 0 0 1 1 1 1 1 1]
 [0 1 1 1 1 1 1 1 1 1]]
py: [[0 1 1 1 1 1 1 1 1 1 1 1 1 1 1 1 1]
 [0 0 0 0 1 1 1 1 1 1 1 1 1 1 1 1 1]
 [0 1 1 1 1 1 1 1 1 1 1 1 1 1 1 1 1]
 [0 0 0 0 1 1 1 1 1 1 1 1 1 1 1 1 1]]
ph: [0 0 0 0 0 0 0 0 0 1 1 1]
x_coordinates:  [0, 5, 3, 0]
y_coordinates:  [0, 3, 0, 3]
final height:  8
