--- solving time: 0.0055904388427734375 seconds ---
Width: 13
Num of circuits: 8
Size of circuits: [[3, 3], [3, 4], [3, 5], [3, 6], [3, 7], [3, 8], [3, 9], [6, 3]]
lr: [[0 1 1 0 1 1 1 0]
 [0 0 0 0 0 0 0 0]
 [0 1 0 0 0 1 0 0]
 [0 1 0 0 1 1 1 0]
 [0 1 0 0 0 1 0 0]
 [0 0 0 0 0 0 0 0]
 [0 1 1 0 1 1 0 0]
 [0 0 1 0 0 1 0 0]]
ud: [[0 0 0 0 0 0 0 1]
 [0 0 0 0 0 1 0 1]
 [0 0 0 0 0 0 0 0]
 [1 0 1 0 0 0 0 1]
 [0 0 1 0 0 0 0 1]
 [0 0 0 0 0 0 0 0]
 [0 0 0 0 0 0 0 1]
 [0 0 0 0 0 0 0 0]]
px: [[0 1 1 1 1 1 1 1 1 1 1 1 1 1]
 [0 0 0 0 0 0 0 0 0 0 1 1 1 1]
 [0 0 0 0 0 0 0 1 1 1 1 1 1 1]
 [0 1 1 1 1 1 1 1 1 1 1 1 1 1]
 [0 0 0 0 0 0 0 1 1 1 1 1 1 1]
 [0 0 0 0 0 0 0 0 0 0 1 1 1 1]
 [0 0 0 0 1 1 1 1 1 1 1 1 1 1]
 [0 1 1 1 1 1 1 1 1 1 1 1 1 1]]
py: [[0 0 0 0 0 0 0 1 1 1 1 1 1 1 1 1 1 1 1 1 1 1 1 1 1 1 1 1 1 1 1 1 1 1 1 1
  1 1 1 1 1 1 1 1 1 1]
 [0 1 1 1 1 1 1 1 1 1 1 1 1 1 1 1 1 1 1 1 1 1 1 1 1 1 1 1 1 1 1 1 1 1 1 1
  1 1 1 1 1 1 1 1 1 1]
 [0 0 0 0 0 0 0 0 1 1 1 1 1 1 1 1 1 1 1 1 1 1 1 1 1 1 1 1 1 1 1 1 1 1 1 1
  1 1 1 1 1 1 1 1 1 1]
 [0 1 1 1 1 1 1 1 1 1 1 1 1 1 1 1 1 1 1 1 1 1 1 1 1 1 1 1 1 1 1 1 1 1 1 1
  1 1 1 1 1 1 1 1 1 1]
 [0 1 1 1 1 1 1 1 1 1 1 1 1 1 1 1 1 1 1 1 1 1 1 1 1 1 1 1 1 1 1 1 1 1 1 1
  1 1 1 1 1 1 1 1 1 1]
 [0 0 0 0 0 1 1 1 1 1 1 1 1 1 1 1 1 1 1 1 1 1 1 1 1 1 1 1 1 1 1 1 1 1 1 1
  1 1 1 1 1 1 1 1 1 1]
 [0 1 1 1 1 1 1 1 1 1 1 1 1 1 1 1 1 1 1 1 1 1 1 1 1 1 1 1 1 1 1 1 1 1 1 1
  1 1 1 1 1 1 1 1 1 1]
 [0 0 0 0 0 0 0 0 0 0 1 1 1 1 1 1 1 1 1 1 1 1 1 1 1 1 1 1 1 1 1 1 1 1 1 1
  1 1 1 1 1 1 1 1 1 1]]
ph: [0 0 0 0 0 0 0 0 0 0 0 0 0 1 1 1 1 1 1 1 1 1 1 1 1 1 1 1 1 1 1 1 1 1 1 1 1]
x_coordinates:  [0, 9, 6, 0, 6, 9, 3, 0]
y_coordinates:  [6, 0, 7, 0, 0, 4, 0, 9]
final height:  12
