--- solving time: 0.00360870361328125 seconds ---
Width: 12
Num of circuits: 7
Size of circuits: [[3, 3], [3, 4], [3, 5], [3, 6], [5, 3], [5, 4], [8, 4]]
lr: [[0 0 0 0 1 0 0]
 [0 0 0 0 1 1 0]
 [0 1 0 0 0 1 1]
 [1 1 0 0 1 1 1]
 [0 0 0 0 0 0 0]
 [0 0 0 0 0 0 0]
 [0 0 0 0 0 0 0]]
ud: [[0 1 1 0 0 1 1]
 [0 0 0 0 0 0 0]
 [0 0 0 0 0 0 0]
 [0 0 1 0 0 0 0]
 [0 0 1 0 0 1 1]
 [0 0 0 0 0 0 0]
 [0 1 0 0 0 1 0]]
px: [[0 0 0 0 1 1 1 1 1 1 1 1 1]
 [0 0 0 0 1 1 1 1 1 1 1 1 1]
 [0 1 1 1 1 1 1 1 1 1 1 1 1]
 [0 1 1 1 1 1 1 1 1 1 1 1 1]
 [0 0 0 0 0 0 0 1 1 1 1 1 1]
 [0 0 0 0 0 0 0 1 1 1 1 1 1]
 [0 0 0 0 1 1 1 1 1 1 1 1 1]]
py: [[0 1 1 1 1 1 1 1 1 1 1 1 1 1 1 1 1 1 1 1 1 1 1 1 1 1 1 1 1 1]
 [0 0 0 0 0 0 0 0 1 1 1 1 1 1 1 1 1 1 1 1 1 1 1 1 1 1 1 1 1 1]
 [0 0 0 0 0 0 0 1 1 1 1 1 1 1 1 1 1 1 1 1 1 1 1 1 1 1 1 1 1 1]
 [0 1 1 1 1 1 1 1 1 1 1 1 1 1 1 1 1 1 1 1 1 1 1 1 1 1 1 1 1 1]
 [0 1 1 1 1 1 1 1 1 1 1 1 1 1 1 1 1 1 1 1 1 1 1 1 1 1 1 1 1 1]
 [0 0 0 0 0 0 0 0 1 1 1 1 1 1 1 1 1 1 1 1 1 1 1 1 1 1 1 1 1 1]
 [0 0 0 0 1 1 1 1 1 1 1 1 1 1 1 1 1 1 1 1 1 1 1 1 1 1 1 1 1 1]]
ph: [0 0 0 0 0 0 0 0 0 0 0 0 1 1 1 1 1 1 1 1 1 1 1 1]
x_coordinates:  [3, 3, 0, 0, 6, 6, 3]
y_coordinates:  [0, 7, 6, 0, 0, 7, 3]
final height:  11
