--- solving time: 0.0035822391510009766 seconds ---
Width: 11
Num of circuits: 6
Size of circuits: [[3, 3], [3, 4], [3, 6], [3, 7], [4, 4], [4, 6]]
lr: [[0 0 0 0 1 1]
 [1 0 0 1 1 0]
 [0 0 0 1 0 1]
 [0 0 0 0 1 1]
 [0 0 0 0 0 0]
 [0 0 0 0 0 0]]
ud: [[0 0 1 1 0 0]
 [0 0 1 0 0 1]
 [0 0 0 0 0 0]
 [0 0 0 0 0 0]
 [0 0 1 0 0 1]
 [0 0 0 0 0 0]]
px: [[0 0 0 0 1 1 1 1 1 1 1 1]
 [0 1 1 1 1 1 1 1 1 1 1 1]
 [0 1 1 1 1 1 1 1 1 1 1 1]
 [0 0 0 0 1 1 1 1 1 1 1 1]
 [0 0 0 0 0 0 0 1 1 1 1 1]
 [0 0 0 0 0 0 0 1 1 1 1 1]]
py: [[0 1 1 1 1 1 1 1 1 1 1 1 1 1 1 1 1 1 1 1 1 1 1 1 1 1 1 1 1 1 1]
 [0 1 1 1 1 1 1 1 1 1 1 1 1 1 1 1 1 1 1 1 1 1 1 1 1 1 1 1 1 1 1]
 [0 0 0 0 0 1 1 1 1 1 1 1 1 1 1 1 1 1 1 1 1 1 1 1 1 1 1 1 1 1 1]
 [0 0 0 0 1 1 1 1 1 1 1 1 1 1 1 1 1 1 1 1 1 1 1 1 1 1 1 1 1 1 1]
 [0 1 1 1 1 1 1 1 1 1 1 1 1 1 1 1 1 1 1 1 1 1 1 1 1 1 1 1 1 1 1]
 [0 0 0 0 0 1 1 1 1 1 1 1 1 1 1 1 1 1 1 1 1 1 1 1 1 1 1 1 1 1 1]]
ph: [0 0 0 0 0 0 0 0 0 0 0 1 1 1 1 1 1 1 1 1 1 1 1 1]
x_coordinates:  [3, 0, 0, 3, 6, 6]
y_coordinates:  [0, 0, 4, 3, 0, 4]
final height:  10
