--- solving time: 0.0028917789459228516 seconds ---
Width: 10
Num of circuits: 5
Size of circuits: [[3, 3], [3, 4], [3, 5], [3, 6], [3, 9]]
lr: [[0 1 0 0 1]
 [0 0 0 0 1]
 [0 0 0 0 1]
 [0 1 1 0 1]
 [0 0 0 0 0]]
ud: [[0 0 0 0 0]
 [0 0 0 0 0]
 [1 1 0 0 0]
 [1 0 0 0 0]
 [0 0 0 0 0]]
px: [[0 1 1 1 1 1 1 1 1 1 1]
 [0 0 0 0 1 1 1 1 1 1 1]
 [0 0 0 0 1 1 1 1 1 1 1]
 [0 1 1 1 1 1 1 1 1 1 1]
 [0 0 0 0 0 0 0 1 1 1 1]]
py: [[0 0 0 0 0 0 0 1 1 1 1 1 1 1 1 1 1 1 1 1 1 1 1 1 1 1 1 1]
 [0 0 0 0 0 0 1 1 1 1 1 1 1 1 1 1 1 1 1 1 1 1 1 1 1 1 1 1]
 [0 1 1 1 1 1 1 1 1 1 1 1 1 1 1 1 1 1 1 1 1 1 1 1 1 1 1 1]
 [0 1 1 1 1 1 1 1 1 1 1 1 1 1 1 1 1 1 1 1 1 1 1 1 1 1 1 1]
 [0 1 1 1 1 1 1 1 1 1 1 1 1 1 1 1 1 1 1 1 1 1 1 1 1 1 1 1]]
ph: [0 0 0 0 0 0 0 0 0 0 1 1 1 1 1 1 1 1 1]
x_coordinates:  [0, 3, 3, 0, 6]
y_coordinates:  [6, 5, 0, 0, 0]
final height:  9
