search on rotation

---- DATA1 ----

minizinc exec time: 1.185307264328003
Width: 9
Num of circuits: 5
Width of circuits: [3 2 2 3 4]
Height of circuits: [ 3  4  8  9 12]
lr: [[0 0 0 0 0]
 [1 0 0 1 0]
 [1 0 0 1 0]
 [0 0 0 0 0]
 [1 1 1 1 0]]
ud: [[0 0 0 0 0]
 [0 0 1 0 0]
 [0 0 0 0 0]
 [1 0 0 0 0]
 [0 0 0 0 0]]
px: [[0 0 0 0 0 0 0 1 1 1 1]
 [0 0 0 0 0 1 1 1 1 1 1]
 [0 0 0 0 0 1 1 1 1 1 1]
 [0 0 0 0 0 0 0 1 1 1 1]
 [0 1 1 1 1 1 1 1 1 1 1]]
py: [[0 0 0 0 0 0 0 0 0 0 1 1 1 1 1 1 1 1 1 1 1 1 1 1 1 1 1 1 1 1 1 1 1 1 1 1
  1]
 [0 1 1 1 1 1 1 1 1 1 1 1 1 1 1 1 1 1 1 1 1 1 1 1 1 1 1 1 1 1 1 1 1 1 1 1
  1]
 [0 0 0 0 0 1 1 1 1 1 1 1 1 1 1 1 1 1 1 1 1 1 1 1 1 1 1 1 1 1 1 1 1 1 1 1
  1]
 [0 1 1 1 1 1 1 1 1 1 1 1 1 1 1 1 1 1 1 1 1 1 1 1 1 1 1 1 1 1 1 1 1 1 1 1
  1]
 [0 1 1 1 1 1 1 1 1 1 1 1 1 1 1 1 1 1 1 1 1 1 1 1 1 1 1 1 1 1 1 1 1 1 1 1
  1]]
ph: [0, 1, 1, 1, 1, 1, 1, 1, 1, 1, 1, 1, 1, 1, 1, 1, 1, 1, 1, 1, 1, 1, 1, 1, 1]
Final height: 12
rotation: [1, 0, 0, 0, 0]

---- DATA2 ----

minizinc exec time: 1.9339995384216309
Width: 10
Num of circuits: 6
Width of circuits: [3 3 3 3 4 4]
Height of circuits: [3 4 6 7 4 6]
lr: [[0 0 0 1 0 1]
 [0 0 0 1 1 1]
 [0 0 0 0 1 0]
 [0 0 0 0 1 1]
 [0 0 0 0 0 0]
 [0 0 0 0 0 0]]
ud: [[0 1 1 0 1 0]
 [0 0 1 0 0 0]
 [0 0 0 0 0 0]
 [0 0 1 0 0 0]
 [0 0 0 0 0 0]
 [0 0 1 0 1 0]]
px: [[0 1 1 1 1 1 1 1 1 1 1 1]
 [0 1 1 1 1 1 1 1 1 1 1 1]
 [0 1 1 1 1 1 1 1 1 1 1 1]
 [0 0 0 0 1 1 1 1 1 1 1 1]
 [0 0 0 0 0 0 0 1 1 1 1 1]
 [0 0 0 0 0 0 0 1 1 1 1 1]]
py: [[0 1 1 1 1 1 1 1 1 1 1 1 1 1 1 1 1 1 1 1 1 1 1 1 1 1 1 1 1 1 1]
 [0 0 0 0 1 1 1 1 1 1 1 1 1 1 1 1 1 1 1 1 1 1 1 1 1 1 1 1 1 1 1]
 [0 0 0 0 0 0 0 0 1 1 1 1 1 1 1 1 1 1 1 1 1 1 1 1 1 1 1 1 1 1 1]
 [0 1 1 1 1 1 1 1 1 1 1 1 1 1 1 1 1 1 1 1 1 1 1 1 1 1 1 1 1 1 1]
 [0 0 0 0 0 0 0 1 1 1 1 1 1 1 1 1 1 1 1 1 1 1 1 1 1 1 1 1 1 1 1]
 [0 1 1 1 1 1 1 1 1 1 1 1 1 1 1 1 1 1 1 1 1 1 1 1 1 1 1 1 1 1 1]]
ph: [0, 0, 0, 0, 1, 1, 1, 1, 1, 1, 1, 1, 1, 1, 1, 1, 1, 1, 1, 1, 1, 1, 1, 1]
Final height: 10
rotation: [1, 0, 1, 0, 1, 0]

---- DATA3 ----

---- DATA4 ----

minizinc exec time: > 5 min

---- DATA5 ----

minizinc exec time: 140.94145894050598
Width: 15
Num of circuits: 7
Width of circuits: [3 2 2 3 4 6 2]
Height of circuits: [ 3  4  8  9 12  9 12]
lr: [[0 0 0 0 1 1 0]
 [0 0 0 0 1 1 0]
 [1 0 0 1 1 1 1]
 [0 0 0 0 1 0 0]
 [0 0 0 0 0 0 0]
 [0 0 0 0 1 0 0]
 [0 0 0 0 0 0 0]]
ud: [[0 1 0 0 0 0 1]
 [0 0 0 0 0 0 1]
 [0 1 0 0 0 0 0]
 [1 1 0 0 0 1 1]
 [0 0 0 0 0 0 1]
 [0 0 0 0 0 0 1]
 [0 0 0 0 0 0 0]]
px: [[0 0 0 1 1 1 1 1 1 1 1 1 1 1 1 1 1]
 [0 0 1 1 1 1 1 1 1 1 1 1 1 1 1 1 1]
 [0 1 1 1 1 1 1 1 1 1 1 1 1 1 1 1 1]
 [0 0 0 1 1 1 1 1 1 1 1 1 1 1 1 1 1]
 [0 0 0 0 0 0 0 0 0 0 0 0 1 1 1 1 1]
 [0 0 0 0 0 0 1 1 1 1 1 1 1 1 1 1 1]
 [0 0 0 0 1 1 1 1 1 1 1 1 1 1 1 1 1]]
py: [[0 0 0 0 0 0 0 0 1 1 1 1 1 1 1 1 1 1 1 1 1 1 1 1 1 1 1 1 1 1 1 1 1 1 1 1
  1 1 1 1 1 1 1 1 1 1 1 1 1 1 1 1 1 1 1 1 1 1]
 [0 0 0 0 0 0 0 0 0 0 0 1 1 1 1 1 1 1 1 1 1 1 1 1 1 1 1 1 1 1 1 1 1 1 1 1
  1 1 1 1 1 1 1 1 1 1 1 1 1 1 1 1 1 1 1 1 1 1]
 [0 0 0 1 1 1 1 1 1 1 1 1 1 1 1 1 1 1 1 1 1 1 1 1 1 1 1 1 1 1 1 1 1 1 1 1
  1 1 1 1 1 1 1 1 1 1 1 1 1 1 1 1 1 1 1 1 1 1]
 [0 1 1 1 1 1 1 1 1 1 1 1 1 1 1 1 1 1 1 1 1 1 1 1 1 1 1 1 1 1 1 1 1 1 1 1
  1 1 1 1 1 1 1 1 1 1 1 1 1 1 1 1 1 1 1 1 1 1]
 [0 1 1 1 1 1 1 1 1 1 1 1 1 1 1 1 1 1 1 1 1 1 1 1 1 1 1 1 1 1 1 1 1 1 1 1
  1 1 1 1 1 1 1 1 1 1 1 1 1 1 1 1 1 1 1 1 1 1]
 [0 0 0 0 1 1 1 1 1 1 1 1 1 1 1 1 1 1 1 1 1 1 1 1 1 1 1 1 1 1 1 1 1 1 1 1
  1 1 1 1 1 1 1 1 1 1 1 1 1 1 1 1 1 1 1 1 1 1]
 [0 0 0 0 0 0 0 0 0 0 0 0 0 1 1 1 1 1 1 1 1 1 1 1 1 1 1 1 1 1 1 1 1 1 1 1
  1 1 1 1 1 1 1 1 1 1 1 1 1 1 1 1 1 1 1 1 1 1]]
ph: [0, 0, 0, 1, 1, 1, 1, 1, 1, 1, 1, 1, 1, 1, 1, 1, 1, 1, 1, 1, 1, 1, 1, 1, 1, 1, 1, 1, 1, 1, 1, 1, 1, 1, 1, 1, 1, 1, 1, 1, 1, 1, 1, 1, 1, 1]
Final height: 14
rotation: [1, 1, 0, 1, 0, 0, 1]

