minizinc exec time: 0.19712448120117188
Width: 9
Num of circuits: 5
Width of circuits: [3 3 3 3 3]
Height of circuits: [3 4 5 6 9]
lr: [[0 1 1 0 0]
 [0 0 0 0 0]
 [0 0 0 0 0]
 [0 1 1 0 0]
 [1 1 1 1 0]]
ud: [[0 0 0 0 0]
 [0 0 0 0 0]
 [0 1 0 0 0]
 [1 0 0 0 0]
 [0 0 0 0 0]]
px: [[0 0 0 0 1 1 1 1 1 1 1]
 [0 0 0 0 0 0 0 1 1 1 1]
 [0 0 0 0 0 0 0 1 1 1 1]
 [0 0 0 0 1 1 1 1 1 1 1]
 [0 1 1 1 1 1 1 1 1 1 1]]
py: [[0 0 0 0 0 0 0 1 1 1 1 1 1 1 1 1 1 1 1 1 1 1 1 1 1 1 1 1]
 [0 0 0 0 0 0 1 1 1 1 1 1 1 1 1 1 1 1 1 1 1 1 1 1 1 1 1 1]
 [0 1 1 1 1 1 1 1 1 1 1 1 1 1 1 1 1 1 1 1 1 1 1 1 1 1 1 1]
 [0 1 1 1 1 1 1 1 1 1 1 1 1 1 1 1 1 1 1 1 1 1 1 1 1 1 1 1]
 [0 1 1 1 1 1 1 1 1 1 1 1 1 1 1 1 1 1 1 1 1 1 1 1 1 1 1 1]]
ph: [0, 1, 1, 1, 1, 1, 1, 1, 1, 1, 1, 1, 1, 1, 1, 1, 1, 1, 1]
Final height: 9
rotation: False
