minizinc exec time: 0.14652109146118164
Width: 10
Num of circuits: 6
Width of circuits: [3 3 3 3 4 4]
Height of circuits: [3 4 6 7 4 6]
lr: [[0 1 1 0 0 0]
 [0 0 0 0 0 0]
 [0 0 0 0 0 0]
 [0 1 1 0 0 0]
 [1 1 1 1 0 0]
 [1 1 1 1 0 0]]
ud: [[0 0 0 0 0 0]
 [0 0 0 0 0 0]
 [0 1 0 0 0 0]
 [1 0 0 0 0 0]
 [0 0 0 0 0 0]
 [0 0 0 0 1 0]]
px: [[0 0 0 0 0 1 1 1 1 1 1 1]
 [0 0 0 0 0 0 0 0 1 1 1 1]
 [0 0 0 0 0 0 0 0 1 1 1 1]
 [0 0 0 0 0 1 1 1 1 1 1 1]
 [0 1 1 1 1 1 1 1 1 1 1 1]
 [0 1 1 1 1 1 1 1 1 1 1 1]]
py: [[0 0 0 0 0 0 0 0 1 1 1 1 1 1 1 1 1 1 1 1 1 1 1 1 1 1 1 1 1 1 1]
 [0 0 0 0 0 0 0 1 1 1 1 1 1 1 1 1 1 1 1 1 1 1 1 1 1 1 1 1 1 1 1]
 [0 1 1 1 1 1 1 1 1 1 1 1 1 1 1 1 1 1 1 1 1 1 1 1 1 1 1 1 1 1 1]
 [0 1 1 1 1 1 1 1 1 1 1 1 1 1 1 1 1 1 1 1 1 1 1 1 1 1 1 1 1 1 1]
 [0 0 0 0 0 0 0 1 1 1 1 1 1 1 1 1 1 1 1 1 1 1 1 1 1 1 1 1 1 1 1]
 [0 1 1 1 1 1 1 1 1 1 1 1 1 1 1 1 1 1 1 1 1 1 1 1 1 1 1 1 1 1 1]]
ph: [0, 0, 0, 0, 1, 1, 1, 1, 1, 1, 1, 1, 1, 1, 1, 1, 1, 1, 1, 1, 1, 1, 1, 1]
Final height: 10
rotation: False
