minizinc exec time: 0.30132007598876953
Width: 8
Num of circuits: 4
Width of circuits: [3 3 5 5]
Height of circuits: [3 5 3 5]
lr: [[0 0 0 0]
 [0 0 0 0]
 [1 1 0 0]
 [1 1 0 0]]
ud: [[0 0 0 0]
 [1 0 0 0]
 [0 0 0 0]
 [0 0 1 0]]
px: [[0 0 0 0 0 0 1 1 1 1]
 [0 0 0 0 0 0 1 1 1 1]
 [0 1 1 1 1 1 1 1 1 1]
 [0 1 1 1 1 1 1 1 1 1]]
py: [[0 0 0 0 0 0 1 1 1 1 1 1 1 1 1 1 1]
 [0 1 1 1 1 1 1 1 1 1 1 1 1 1 1 1 1]
 [0 0 0 0 0 0 1 1 1 1 1 1 1 1 1 1 1]
 [0 1 1 1 1 1 1 1 1 1 1 1 1 1 1 1 1]]
ph: [0, 0, 0, 0, 1, 1, 1, 1, 1, 1, 1, 1]
Final height: 8
rotation: False
