minizinc exec time: 0.3602437973022461
Width: 12
Num of circuits: 8
Width of circuits: [3 3 3 3 3 3 3 6]
Height of circuits: [3 4 5 6 7 8 9 3]
lr: [[0 1 1 0 1 1 0 0]
 [0 0 0 0 0 0 0 0]
 [0 1 0 0 0 1 0 0]
 [0 1 1 0 1 1 0 0]
 [0 1 0 0 0 1 0 0]
 [0 0 0 0 0 0 0 0]
 [1 1 1 1 1 1 0 0]
 [0 1 1 0 1 1 0 0]]
ud: [[0 0 0 1 0 0 0 0]
 [0 0 0 0 0 0 0 0]
 [0 0 0 0 0 0 0 0]
 [0 0 0 0 0 0 0 0]
 [0 0 1 0 0 0 0 0]
 [0 1 0 0 0 0 0 0]
 [0 0 0 0 0 0 0 0]
 [1 0 0 1 0 0 1 0]]
px: [[0 0 0 0 1 1 1 1 1 1 1 1 1 1]
 [0 0 0 0 0 0 0 0 0 0 1 1 1 1]
 [0 0 0 0 0 0 0 1 1 1 1 1 1 1]
 [0 0 0 0 1 1 1 1 1 1 1 1 1 1]
 [0 0 0 0 0 0 0 1 1 1 1 1 1 1]
 [0 0 0 0 0 0 0 0 0 0 1 1 1 1]
 [0 1 1 1 1 1 1 1 1 1 1 1 1 1]
 [0 1 1 1 1 1 1 1 1 1 1 1 1 1]]
py: [[0 0 0 0 1 1 1 1 1 1 1 1 1 1 1 1 1 1 1 1 1 1 1 1 1 1 1 1 1 1 1 1 1 1 1 1
  1 1 1 1 1 1 1 1 1 1]
 [0 0 0 0 0 0 0 0 0 1 1 1 1 1 1 1 1 1 1 1 1 1 1 1 1 1 1 1 1 1 1 1 1 1 1 1
  1 1 1 1 1 1 1 1 1 1]
 [0 0 0 0 0 0 0 0 1 1 1 1 1 1 1 1 1 1 1 1 1 1 1 1 1 1 1 1 1 1 1 1 1 1 1 1
  1 1 1 1 1 1 1 1 1 1]
 [0 0 0 0 0 0 0 1 1 1 1 1 1 1 1 1 1 1 1 1 1 1 1 1 1 1 1 1 1 1 1 1 1 1 1 1
  1 1 1 1 1 1 1 1 1 1]
 [0 1 1 1 1 1 1 1 1 1 1 1 1 1 1 1 1 1 1 1 1 1 1 1 1 1 1 1 1 1 1 1 1 1 1 1
  1 1 1 1 1 1 1 1 1 1]
 [0 1 1 1 1 1 1 1 1 1 1 1 1 1 1 1 1 1 1 1 1 1 1 1 1 1 1 1 1 1 1 1 1 1 1 1
  1 1 1 1 1 1 1 1 1 1]
 [0 0 0 0 1 1 1 1 1 1 1 1 1 1 1 1 1 1 1 1 1 1 1 1 1 1 1 1 1 1 1 1 1 1 1 1
  1 1 1 1 1 1 1 1 1 1]
 [0 1 1 1 1 1 1 1 1 1 1 1 1 1 1 1 1 1 1 1 1 1 1 1 1 1 1 1 1 1 1 1 1 1 1 1
  1 1 1 1 1 1 1 1 1 1]]
ph: [0, 0, 0, 0, 1, 1, 1, 1, 1, 1, 1, 1, 1, 1, 1, 1, 1, 1, 1, 1, 1, 1, 1, 1, 1, 1, 1, 1, 1, 1, 1, 1, 1, 1, 1, 1, 1]
Final height: 12
rotation: False
