minizinc exec time: 0.17848706245422363
Width: 11
Num of circuits: 7
Width of circuits: [3 3 3 3 5 5 8]
Height of circuits: [3 4 5 6 3 4 4]
lr: [[0 0 1 1 0 0 0]
 [0 0 1 1 0 0 0]
 [0 0 0 0 0 0 0]
 [0 0 0 0 0 0 0]
 [1 1 1 1 0 0 0]
 [1 1 1 1 0 0 0]
 [0 0 1 1 0 0 0]]
ud: [[0 0 0 0 0 0 0]
 [1 0 0 0 0 0 0]
 [0 0 0 1 0 0 0]
 [0 0 0 0 0 0 0]
 [0 0 0 0 0 1 0]
 [0 0 0 0 0 0 0]
 [1 1 0 0 1 1 0]]
px: [[0 0 0 0 0 0 1 1 1 1 1 1 1]
 [0 0 0 0 0 0 1 1 1 1 1 1 1]
 [0 0 0 0 0 0 0 0 0 1 1 1 1]
 [0 0 0 0 0 0 0 0 0 1 1 1 1]
 [0 1 1 1 1 1 1 1 1 1 1 1 1]
 [0 1 1 1 1 1 1 1 1 1 1 1 1]
 [0 1 1 1 1 1 1 1 1 1 1 1 1]]
py: [[0 0 0 0 0 0 0 0 0 1 1 1 1 1 1 1 1 1 1 1 1 1 1 1 1 1 1 1 1 1]
 [0 0 0 0 0 1 1 1 1 1 1 1 1 1 1 1 1 1 1 1 1 1 1 1 1 1 1 1 1 1]
 [0 1 1 1 1 1 1 1 1 1 1 1 1 1 1 1 1 1 1 1 1 1 1 1 1 1 1 1 1 1]
 [0 0 0 0 0 0 1 1 1 1 1 1 1 1 1 1 1 1 1 1 1 1 1 1 1 1 1 1 1 1]
 [0 0 0 0 0 1 1 1 1 1 1 1 1 1 1 1 1 1 1 1 1 1 1 1 1 1 1 1 1 1]
 [0 0 0 0 0 0 0 0 1 1 1 1 1 1 1 1 1 1 1 1 1 1 1 1 1 1 1 1 1 1]
 [0 1 1 1 1 1 1 1 1 1 1 1 1 1 1 1 1 1 1 1 1 1 1 1 1 1 1 1 1 1]]
ph: [0, 0, 0, 0, 0, 0, 1, 1, 1, 1, 1, 1, 1, 1, 1, 1, 1, 1, 1, 1, 1, 1, 1, 1]
Final height: 11
rotation: False
